 85
 95
 96
 100
 81
 81
 83
 84
 85
 85
 84
 86
 87
 89
 88
 94
 120
 121
 126
 126
 129
 132
 137
 136
 138
 140
 1517
 155
 166
 152
 147
 145
 161
 207
 214
 152
 152
 158
 153
 163
 996
 163
 156
 157
 585
 167
 741
 264
 330
 210
 732
 392
 259
 292
 165
 164
 580
 167
 696
 602
 2182
 169
 210
 216
 621
 1203
 2462
 173
 885
 354
 779
 1166
 782
 693
 712
 707
 601
 3884
 179
 463
 436
 599
 4309
 374
 471
 1532
 714
 1705
 1154
 1127
 787
 729
 967
 4119
 1190
 626
 1132
 822
 2463
 2830
 684
 1506
 715
 2066
 1948
 1723
 394
 829
 4584
 1079
 2742
 2316
 2057
 5804
 400
 2258
 1149
 1745
 2196
 5374
 672
 1499
 2313
 2873
 2809
 1854
 2702
 3516
 3470
 3217
 2723
 3855
 1132
 2950
 1295
 2024
 1534
 2111
 1286
 3161
 2119
 3963
 2426
 3112
 4940
 1914
 2246
 2685
 2440
 5516
 3925
 1051
 7235
 3932
 1469
 2416
 3717
 3073
 2700
 2653
 4000
 861
 1847
 3643
 4475
 4594
 758
 2408
 5531
 3942
 3727
 2384
 3904
 3046
 2519
 2479
 7913
 3903
 888
 2984
 3699
 3503
 3829
 2531
 5342
 5892
 5096
 4649
 5662
 6627
 1319
 3010
 5474
 3315
 3278
 1007
 5257
 7331
 5929
 4541
 5088
 5079
 4950
 4944
 4194
 5134
 6266
 4323
 2922
 4192
 5039
 5981
 5696
 4265
 8080
 6841
 5559
 5303
 5500
 8314
 3120
 5009
 5676
 6629
 3526
 3251
 5321
 2600
 3815
 2889
 5680
 4121
 5150
 3236
 4482
 4595
 4829
 2193
 5186
 5812
 3669
 1624
 7555
 4545
 3426
 2742
 7626
 4624
 3672
 3847
 6255
 4488
 4247
 3608
 6221
 4089
 3069
 3491
 5477
 6218
 3085
 4656
 5427
 3823
 4451
 6000
 2447
 5294
 8064
 3929
 3215
 2990
 4851
 6481
 2821
 6041
 4118
 3158
 3303
 8337
 4299
 4144
 4392
 4512
 6619
 7875
 1405
 6063
 4605
 5140
 5075
 6286
 4232
 5520
 5263
 5413
 5787
 6162
 4885
 6009
 5309
 4319
 10618
 2078
 2606
 5884
 8686
 2431
 3631
 4958
 239
