 349
 343
 333
 342
 383
 351
 469
 482
 366
 374
 402
 375
 367
 406
 415
 416
 458
 441
 920
 431
 443
 514
 459
 701
 499
 747
 491
 498
 498
 566
 606
 573
 592
 541
 606
 592
 639
 605
 737
 695
 722
 699
 934
 670
 975
 699
 743
 800
 741
 722
 811
 769
 881
 1245
 1239
 1356
 1251
 1416
 1569
 2004
 1256
 1103
 1194
 924
 823
 958
 994
 943
 965
 905
 949
 1234
 1445
 1009
 1051
 1195
 1067
 1040
 1149
 1110
 1077
 1476
 1137
 1531
 1116
 1248
 1030
 1176
 1216
 1178
 1533
 1537
 1248
 1207
 1225
 1372
 1302
 1207
 1626
 1199
 1240
 1291
 1324
 1375
 1561
 1521
 1357
 1391
 1495
 1598
 1390
 1454
 1624
 1398
 1663
 1403
 1648
 1918
 1802
 1547
 1673
 1746
 1974
 1626
 1898
 1664
 1803
 1725
 1743
 2224
 2061
 2822
 2870
 2801
 2123
 1883
 2002
 1874
 2162
 2103
 2295
 2024
 2131
 2269
 1867
 2192
 2191
 2175
 2331
 2167
 2204
 2346
 2242
 2085
 2216
 2226
 2296
 2293
 2426
 2400
 2542
 2246
 2457
 2397
 2597
 2694
 2503
 2315
 2579
 2480
 2640
 2235
 2512
 2249
 2809
 2301
 3032
 2761
 2641
 2465
 2525
 2262
 2870
 2396
 2657
 2470
 2931
 2562
 2776
 2537
 2801
 2488
 3582
 2572
 2843
 2756
 2978
 2757
 2922
 2626
 2767
 2740
 2838
 2619
 3442
 2716
 3240
 2616
 3138
 2568
 2989
 2838
 2876
 2913
 3082
 2786
 3110
 2699
 3109
 2807
 3160
 3103
 2989
 3109
 3201
 2761
 3278
 2942
 3122
 3085
 3386
 2839
 3048
 2994
 3208
 3008
 3312
 3684
 3880
 3031
 3725
 3243
 3645
 3672
 3974
 2947
 3374
 3159
 3220
 3592
 3085
 2966
 3259
 3181
 3372
 3230
 3642
 3183
 3846
 3831
 3559
 3390
 3592
 3336
 3573
 3610
 3521
 3445
 4202
 3390
 3745
 3403
 3837
 3291
 3664
 3573
 3642
 3652
 3564
 3384
 3865
 3674
 3896
 3902
 3621
 3564
 3965
 3662
 4028
 3884
 3817
 3825
 4081
 3840
 3944
 3991
 3834
 3549
 4292
 3688
 4253
 4482
 3923
 3707
 4214
 3785
 4150
 4003
 3902
 3913
 4360
 3620
 4166
 4051
 4408
 3945
 4102
 4128
 4900
 4515
 4251
 3982
 4186
 3894
 4152
 4190
 4027
 3769
 4367
 4054
 4259
 3947
 4193
 3978
 4150
 4068
 4250
 4243
 4260
 4889
 4517
 4481
 3983
 4418
 5069
 4090
 4569
 3987
 4311
 3983
 4390
 4102
 4435
 4115
 4481
 4928
 4741
 4316
 4464
 4732
 4304
 4552
 4120
 4578
 5020
 4789
 4458
 4322
 5366
 4600
 4462
 4385
 4897
 4164
 4583
 4666
 4713
 4451
 4781
 4319
 4801
 4707
 4619
 4344
 4975
 4463
 4617
 4728
 4803
 5236
 5530
 4836
 5114
 4656
 4722
 5710
 4890
 4946
 4604
 5246
 4700
 4590
 5298
 4849
 4223
 4624
 4355
 4679
 4742
 4720
 4297
 4813
 4397
 4810
 4511
 5044
 4525
 6528
 4944
 4983
 5036
 5991
 5064
 5134
 5274
 4775
 5135
 4520
 5065
 4816
 5232
 4833
 5079
 4729
 4884
 4758
 5119
 4838
 5480
 4788
 5540
 4879
 5429
 4613
 5603
 4731
 5194
 5410
 5345
 4897
 5398
 5013
 5561
 5319
 5418
 5553
 5504
 5012
 5381
 5097
 5582
 5119
 6009
 5277
 5514
 5276
 6039
 4374
 5177
 4832
 5051
 4832
 5253
 4791
 5673
 4686
 5247
 4812
 5419
 4967
 5465
 4964
 5382
 4913
 5405
 4862
 5392
 4762
 5317
 4978
 5358
 4926
 5746
 5039
 5482
 4922
 5429
 5344
 5577
 5113
 5387
 5016
 5665
 4949
 5632
 4889
 5545
 5074
 5515
 5001
 5720
 5149
 5653
 5144
 5674
 5108
 5740
 6010
 6988
 5134
 5763
 5183
 5609
 5499
 5667
 5488
 5828
 5225
 5832
 5514
 5763
 5432
 5707
 5453
 5956
 5424
 6114
 5285
 5719
 5460
 6042
 5948
 5900
 5511
 5962
 5691
 5948
 5420
 6044
 5631
 5936
 5382
 5980
 5873
 6138
 5455
 6214
 5954
 5864
 5568
 6123
 6017
 7119
 5687
 6410
 5427
 6148
 5780
 6027
 5697
 6119
 5883
 6265
 5642
 6212
 6004
 6311
 5773
 6197
 5923
 6181
 5927
 6671
 5678
 6308
 6135
 6395
 5899
 6304
 6011
 6022
 5896
 6793
 5966
 6338
 5764
 6552
 5991
 6363
 5888
 6986
 5903
 6675
 6136
 6591
 6538
 6292
 6182
 6795
 5924
 6829
 6008
 6690
 5915
 6996
 6711
 6610
 6478
 6670
 6110
 6493
 5966
 6749
 6131
 6540
 6129
 6948
 7206
 7067
 6619
 6680
 6441
 6718
 6583
 6695
 6139
 6850
 6553
 6837
 6407
 6802
 6721
 6959
 6109
 6713
 6559
 6825
 7358
 7992
 6957
 6532
 6504
 7119
 6493
 6951
 6330
 6613
 6547
 7127
 6331
 7172
 6697
 6738
 6453
 7103
 7093
 7337
 7857
 7122
 6798
 6683
 6565
 7305
 6473
 7623
 6354
 7074
 6777
 6767
 6957
 6752
 6919
 7224
 6975
 6993
 7381
 7240
 6930
 7162
 7273
 9150
 8106
 7750
 8088
 7369
 7032
 7315
 7092
 7312
 7139
 6945
 7345
 7007
 7038
 7585
 7257
 6848
 7306
 8387
 8489
 9882
 7976
 7258
 7325
 7473
 7512
 7223
 7440
 7383
 7453
 7493
 7602
 7434
 7145
 7923
 7504
 7437
 7532
 7373
 7259
 7414
 9053
 7633
 7640
 7715
 7523
 7475
 7088
 7719
 7336
 7408
 7440
 7037
 7880
 7860
 7465
 7470
 7670
 7678
 7031
 7632
 7537
 7426
 7503
 7350
 7655
 8006
 7658
 7448
 7557
 7781
 7648
 7879
 7578
 7770
 7451
 7486
 7934
 7808
 7502
 7813
 8104
 8008
 8214
 7750
 8294
 8206
 7733
 8235
 7782
 7712
 7801
 8146
 7556
 8027
 7911
 8816
 7745
 9922
 7806
 7856
 7879
 8089
 8378
 8319
 7959
 7976
 7825
 8353
 7859
 7672
 8283
 9064
 8356
 8215
 8031
 7988
 8101
 7987
 8033
 8066
 7742
 8104
 8674
 8026
 7987
 8271
 8547
 8223
 7812
 8226
 8559
 10013
 8386
 8446
 7597
 8197
 7710
 8554
 7786
 8285
 8362
 8175
 7765
 8612
 8337
 8149
 7809
 8440
 8107
 8512
 8111
 7914
 8454
 8539
 7814
 8246
 8239
 8010
 9009
 8692
 8093
 8435
 8263
 8554
 8601
 8391
 8476
 8219
 8615
 8393
 8205
 8590
 8130
 8476
 8522
 8035
 8264
 8629
 8627
 8728
 8738
 8782
 9103
 8346
 8646
 8553
 8738
 9327
 10230
 8385
 8366
 8910
 8513
 8542
 8713
 8464
 8533
 8715
 9002
 10889
 9136
 8425
 8950
 9203
 8949
 8946
 8850
 9085
 8775
 9006
 9101
 8572
 9007
 8825
 8967
 8740
 10114
 8295
 8546
 9126
 9319
 8834
 9571
 8794
 9461
 8793
 9423
 8958
 9559
 9567
 9394
 9236
 8920
 8863
 9588
 9500
 8955
 10060
 9460
 9779
 10110
 8761
 10769
 10174
 9939
 8913
 9478
 9114
 9074
 9308
 10062
 9803
 10285
 10239
 10054
 9577
 10258
 10483
 10687
 9698
 10077
 8961
 8711
 8530
 8406
 8069
 8348
 8443
 8214
 8177
 8604
 8526
 8574
 8612
 8588
 8391
 9223
 8614
 8589
 8678
 8869
 8826
 8509
 8893
 9340
 8698
 8691
 8860
 9137
 8725
 8634
 8720
 8643
 8393
 8766
 10968
 9037
 8691
 9000
 8932
 9071
 9251
 9225
 9035
 8940
 9066
 8778
 8780
 9085
 8808
 8845
 9266
 9073
 9229
 9045
 8972
 8689
 9492
 11214
 9414
 9053
 9111
 9091
 9053
 9184
 9373
 9245
 9295
 9490
 9351
 9283
 8973
 9222
 9907
 9316
 9546
 9914
 9460
 9391
 9931
 9545
 9703
 9416
 9354
 8858
 9242
 9062
 9070
 9380
 9395
 9367
 9909
 10170
 9287
 9342
 9532
 9385
 9174
 9891
 9550
 9528
 9966
 9991
 10289
 9730
 9568
 10376
 9528
 9502
 9795
 10203
 9505
 9678
 9675
 10574
 9939
 9977
 9424
 10758
 9616
 9955
 9706
 9527
 10220
 10285
 10236
 9953
 10001
 10232
 9859
 9726
 9786
 10024
 10034
 10127
 10360
 10203
 12030
 10453
 12028
 10574
 9963
 9023
 9082
 10362
 9206
 9504
 10296
 11118
 13057
 10395
 8720
 9046
 9161
 9561
 13414
 14302
 16157
 14109
 13127
 11197
 10120
 9837
 10178
 10159
 9710
 9678
