 107
 89
 90
 93
 93
 93
 95
 95
 95
 77
 76
 77
 78
 79
 78
 79
 80
 80
 79
 79
 79
 79
 80
 79
 80
 81
 81
 81
 82
 81
 81
 81
 82
 83
 81
 82
 82
 83
 82
 82
 82
 82
 82
 82
 81
 82
 82
 82
 82
 83
 85
 84
 84
 84
 85
 84
 84
 85
 83
 85
 84
 86
 85
 85
 85
 85
 84
 83
 85
 84
 84
 88
 85
 84
 86
 84
 85
 92
 876
 89
 89
 88
 89
 88
 87
 89
 98
 89
 89
 89
 91
 88
 89
 89
 109
 108
 109
 108
 109
 110
 101
 88
 89
 89
 87
 88
 88
 89
 88
 121
 118
 115
 114
 116
 113
 112
 154
 147
 127
 116
 120
 118
 118
 117
 118
 117
 117
 118
 120
 119
 121
 118
 118
 119
 126
 121
 122
 122
 144
 123
 123
 126
 125
 126
 125
 160
 129
 125
 122
 122
 122
 128
 125
 123
 123
 127
 123
 122
 130
 144
 127
 127
 126
 126
 127
 125
 130
 128
 155
 130
 262
 129
 138
 128
 128
 128
 129
 133
 128
 133
 136
 133
 131
 130
 132
 133
 133
 132
 130
 131
 132
 509
 133
 135
 133
 272
 131
 132
 133
 185
 250
 136
 136
 136
 135
 134
 133
 131
 140
 136
 137
 136
 137
 135
 139
 136
 244
 140
 139
 142
 142
 139
 139
 139
 169
 140
 139
 145
 139
 139
 136
 137
 236
 149
 140
 138
 255
 187
 141
 139
 138
 213
 140
 143
 141
 142
 146
 139
 173
 228
 150
 144
 141
 140
 140
 140
 560
 140
 145
 142
 144
 175
 142
 141
 159
 141
 321
 142
 147
 161
 147
 143
 142
 142
 141
 142
 147
 155
 145
 146
 148
 143
 143
 146
 142
 146
 194
 143
 166
 147
 166
 145
 173
 144
 147
 146
 162
 148
 155
 147
 146
 145
 144
 144
 159
 1231
 184
 516
 147
 148
 148
 165
 418
 178
 149
 148
 147
 147
 147
 148
 148
 1475
 733
 149
 148
 147
 166
 150
 150
 202
 213
 148
 148
 232
 148
 175
 228
 174
 151
 150
 195
 527
 148
 297
 148
 148
 252
 151
 150
 240
 179
 246
 151
 151
 200
 150
 268
 153
 491
 266
 171
 210
 160
 161
 168
 324
 1171
 151
 152
 186
 232
 1412
 154
 153
 155
 344
 382
 975
 184
 150
 151
 418
 329
 222
 277
 637
 248
 176
 192
 208
 301
 217
 273
 293
 178
 153
 152
 154
 154
 158
 155
 176
 563
 156
 156
 156
 156
 155
 155
 155
 155
 156
 160
 156
 156
 247
 211
 369
 682
 159
 373
 156
 599
 200
 225
 532
 340
 278
 869
 237
 160
 160
 160
 160
 159
 424
 224
 213
 160
 757
 160
 162
 161
 160
 160
 169
 159
 164
 162
 163
 256
 417
 276
 254
 233
 789
 236
 228
 376
 207
 205
 205
 245
 328
 318
 249
 243
 356
 203
 408
 374
 719
 208
 770
 311
 207
 1588
 664
 582
 405
 209
 210
 475
 839
 219
 205
 205
 206
 207
 520
 351
 425
 346
 319
 698
 215
 197
 167
 208
 416
 498
 441
 496
 454
 811
 208
 208
 171
 185
 493
 732
 311
 314
 466
 467
 459
 330
 375
 249
 303
 279
 786
 446
 700
 1090
 993
 208
 319
 411
 591
 310
 438
 580
 604
 797
 432
 299
 310
 260
 361
 509
 532
 547
 2189
 272
 584
 404
 326
 931
 422
 605
 812
 336
 738
 175
 279
 1672
 367
 294
 1480
 338
 271
 338
 477
 610
 593
 474
 836
 516
 451
 540
 373
 323
 432
 661
 917
 682
 573
 466
 468
 501
 530
 3150
 223
 396
 472
 499
 487
 535
 648
 1131
 612
 711
 860
 592
 556
 511
 523
 1167
 693
 559
 848
 1216
 1191
 526
 728
 910
 1257
 386
 1507
 697
 675
 1163
 1406
 1094
 867
 677
 916
 1153
 1312
 1537
 1274
 856
 1295
 1122
 1047
 1263
 1350
 726
 1063
 651
 697
 543
 565
 997
 833
 1151
 1146
 979
 1278
 1306
 1204
 907
 891
 1171
 1285
 1181
 950
 1032
 957
 1000
 1660
 1328
 826
 1724
 1045
 1147
 1186
 1296
 733
 1067
 1314
 1533
 1362
 1724
 1182
 986
 685
 1218
 1479
 1631
 1672
 1165
 1074
 883
 1174
 764
 1074
 1965
 1297
 871
 1003
 970
 926
 905
 1178
 2741
 1043
 917
 1575
 761
 877
 1041
 1616
 1420
 1052
 983
 871
 847
 1374
 2186
 863
 1045
 1301
 1371
 1261
 1103
 1412
 1797
 1370
 1054
 784
 1182
 574
 1108
 2637
 231
 729
 929
 902
 1626
 2327
 1593
 1238
 1145
 1042
 1148
 1877
 1159
 1269
 1105
 1509
 1394
 970
 1072
 1602
 1278
 1003
 1943
 905
 970
 1058
 1695
 1252
 898
 902
 927
 1390
 1028
 2877
 960
 1344
 792
 852
 3266
 650
 820
 909
 1195
 1150
 1008
 1038
 1123
 1615
 1285
 1339
 837
 934
 938
 1654
 1101
 1552
 1271
 1282
 1082
 1629
 563
 1040
 1428
 1580
 1406
 1060
 1018
 1169
 1114
 1678
 1120
 1559
 1188
 1261
 1096
 947
 1057
 1536
 1734
 2356
 849
 896
 889
 2905
 2099
 942
 1066
 943
 1208
 1157
 1160
 3615
 882
 839
 812
 1309
 1102
 1033
 1858
 2483
 852
 1242
 1680
 598
 1412
 1810
 2255
 1507
 1428
 890
 1078
 1062
 2605
 1164
 1120
 2551
 896
 1039
 1315
 1085
 1741
 1556
 1567
 1072
 1113
 1579
 1149
 3434
 871
 1245
 1566
 2484
 520
 1225
 2771
 897
 1921
 676
 1050
 1140
 1809
 2024
 1699
 1166
 1543
 1243
 1067
 3075
 991
 1426
 1575
 1313
 1374
 1026
 1521
 2029
 1837
 2376
 935
 938
 1829
 1272
 2585
 1780
 1667
 1179
 1260
 1028
 1508
 3371
 916
 1333
 1839
 836
 2225
 3737
 900
 1093
 1298
 1387
 1340
 1160
 1895
 2074
 1869
 1182
 3641
 201
 1090
 2696
 1284
 1639
 1298
 1412
 2358
 1855
 3388
 1107
 977
 969
 1386
 1210
 2157
 2093
 2109
 1535
 731
 1243
 1269
 1976
 2470
 2710
 1163
 1131
 661
 1507
 1911
 2397
 3733
 1074
 2032
 1284
 4107
 1138
 1458
 1339
 1894
 1822
 1988
 2113
 3052
 1157
 1331
 2252
 1261
 1885
 1767
 1571
 1042
 1159
 1435
 2741
 1733
 2174
 1017
 1121
 2027
 1510
 2140
 2557
 1661
 190
 889
 3127
 1194
 1527
 1542
 2292
 1055
 1689
 1417
 1556
 1792
 362
 869
 1911
 2827
 1211
 1461
 1384
 1436
 1908
 2893
 2389
 2004
 1975
 1027
 1645
 2129
 2113
 1889
 1127
 1192
 1657
 2958
 1854
 1711
 3879
 218
 1358
 3768
 1084
 1531
 1194
 1282
 2741
 1869
 2449
 1350
 1292
 1221
 1383
 2547
 1438
 1627
 2129
 1307
 1248
 1788
 2153
 3452
 1107
 2138
 199
 3378
 1269
 1501
 1711
 1284
 1308
 1662
 2608
 2208
 2168
 1678
 1122
 1905
 1980
 2573
 2151
 4175
 353
 1086
 3447
 1794
 1781
 3849
 408
 3376
 1734
 1816
 2878
 1027
 2018
 2007
 2915
 1293
 3240
 821
 3594
 1401
 1876
 2058
 3608
 1086
 2922
 1809
 1954
 2588
 1689
 1761
 2301
 2991
 1890
 1582
 1545
 1298
 3258
 2474
 1919
 1857
 1689
 2267
 1988
 3004
 1583
 1766
 1649
 1268
 2001
 3051
 1360
 1931
 198
 1111
 3106
 1724
 1880
 1701
 445
