 588
 785
 801
 904
 1199
 1283
 1266
 1536
 1531
 1709
 1828
 2350
 2230
 2053
 1808
 2194
 2066
 2060
 2188
 2466
 2260
 2615
 2443
 2685
 2826
 3019
 2740
 2848
 3105
 3106
 3082
 3121
 3591
 3487
 3278
 3665
 3418
 3812
 3613
 3527
 3814
 3904
 4255
 4289
 4330
 4156
 4004
 4246
 4281
 4747
 4556
 4628
 4364
 4661
 4467
 4885
 5239
 4742
 4648
 4814
 4976
 4606
 5067
 5099
 5230
 5354
 5453
 5357
 5534
 5659
 5574
 5660
 5614
 5917
 5526
 5811
 5666
 6098
 6063
 6010
 6062
 6299
 5970
 6442
 6254
 6396
 6190
 6403
 6606
 7117
 7051
 6593
 6544
 7504
 8354
 8677
 8696
 11504
 9755
 7992
 7703
 8268
 7792
 7253
 8565
 7587
 7203
 7691
 7671
 7792
 7557
 7705
 7575
 8223
 7950
 7866
 7812
 8327
 7925
 8217
 7832
 8484
 8430
 8236
 7966
 8414
 10019
 10611
 8592
 10531
 8509
 9098
 8530
 9235
 8702
 9096
 8972
 8992
 10305
 9189
 8773
 8647
 9295
 8934
 9243
 9762
 9246
 9515
 9329
 10271
 9583
 10220
 9681
 10196
 10267
 10921
 12249
 10526
 10421
 10365
 10201
 10520
 10451
 10888
 10396
 10452
 10368
 10653
 10907
 10951
 9929
 10754
 10344
 10780
 10693
 10762
 10335
 10811
 10568
 10611
 10433
 10923
 10832
 12332
 10704
 10901
 10809
 11233
 11263
 10858
 10734
 10720
 11134
 10974
 11688
 12294
 11303
 11623
 12335
 13020
 11240
 11159
 11665
 11923
 11869
 11637
 11429
 11471
 11590
 11872
 11759
 11916
 11784
 11848
 11869
 11686
