 150
 133
 114
 161
 498
 269
 260
 293
 194
 221
 206
 250
 257
 253
 304
 338
 276
 547
 240
 522
 399
 155
 433
 216
 165
 280
 249
 282
 301
 521
 209
 454
 375
 331
 89
 187
 237
 210
 259
 331
 366
 266
 357
 320
 269
 283
 517
 375
 224
 235
 313
 239
 258
 257
 294
 310
 291
 336
 774
 72
 463
 191
 302
 74
 201
 246
 282
 316
 313
 289
 300
 378
 151
 154
 149
 762
 219
 738
 126
 294
 256
 279
 287
 285
 298
 255
 303
 285
 144
 127
 193
 688
 72
 90
 138
 222
 106
 101
 89
 91
 82
 73
 75
 159
 237
 230
 246
 263
 256
 278
 253
 632
 246
 271
 218
 256
 273
 265
 202
 206
 200
 218
 221
 237
 245
 249
 1009
 182
 217
 271
 252
 261
 330
 207
 170
 320
 71
 136
 279
 101
 297
 751
 167
 203
 236
 279
 270
 326
 293
 337
 173
 190
 195
 460
 172
 183
 506
 175
 201
 182
 192
 182
 173
 184
 198
 207
 231
 163
 170
 208
 197
 207
 520
 318
 231
 176
 437
 374
 199
 133
 477
 307
 218
 163
 172
 1121
 118
 216
 851
 75
 74
 502
 137
 416
 712
 446
 117
 72
 783
 752
 235
 257
 436
 133
 633
 259
 384
 173
 384
 376
 290
 262
 280
 200
 514
 374
 594
 76
 360
 423
 318
 313
 330
 194
 510
 412
 199
 379
 982
 223
 220
 184
 806
 260
 381
 271
 835
 344
 218
 698
 74
 474
 542
 181
 829
 227
 348
 344
 195
 507
 492
 470
 335
 279
 220
 339
 459
 290
 422
 219
 785
 75
 366
 367
 300
 363
 349
 472
 476
 238
 411
 426
 898
 226
 218
 186
 555
 1053
 367
 237
 238
 466
 104
 468
 525
 250
 559
 408
 74
 689
 441
 309
 372
 257
 292
 428
 494
 214
 432
 409
 438
 408
 435
 251
 342
 265
 277
 467
 218
 412
 549
 88
 580
 858
 76
 542
 721
 465
 855
 296
 405
 724
 334
 267
 510
 271
 275
 472
 457
 254
 288
 385
 378
 226
 691
 833
 413
 368
 290
 254
 265
 485
 260
 356
 371
 619
 488
 312
 116
 340
 1050
 515
 286
 681
 240
 735
 829
 226
 267
 227
 505
 362
 232
 303
 323
 424
 263
 485
 345
 296
 277
 399
 326
 271
 433
 459
 249
 431
 179
 471
 813
 76
 336
 250
 743
 227
 343
 427
 75
 404
 436
 437
 343
 503
 774
 549
 482
 819
 442
 409
 396
 374
 256
 364
 231
 383
 514
 363
 513
 324
 342
 369
 453
 358
 201
 334
 411
 363
 354
 907
 76
 362
 293
 803
 479
 798
 1127
 491
 220
 401
 492
 483
 410
 434
 441
 494
 448
 939
 361
 360
 467
 426
 600
 363
 533
 1378
 721
 208
 81
 351
 461
 425
 409
 431
 705
 279
 332
 652
 231
 357
 264
 478
 543
 420
 462
 496
 486
 434
 496
 434
 407
 424
 887
 460
 306
 461
 385
 393
 478
 440
 477
 419
 462
 519
 502
 534
 429
 499
 464
 390
 441
 858
 426
 492
 678
 305
 426
 446
 950
 78
 81
 82
 510
 560
 416
 483
 400
 429
 856
 453
 357
 311
 124
 349
 338
 272
 1481
 314
 232
 582
 434
 80
 427
 399
 844
 482
 93
 88
 123
 172
 444
 307
 472
 472
 758
 507
 586
 492
 501
 388
 490
 676
 459
 870
 89
 474
 1660
 147
 740
 394
 408
 1782
 1259
 601
 636
 819
 971
 1153
 737
 867
 1008
 1516
 4823
 303
 1283
 1935
 1778
 1764
 1437
 2197
 4093
 394
 3685
 4471
 264
 2653
 2035
 1521
 1008
 4932
 324
 2372
 2264
 1582
 1709
 4317
 1182
 4779
 352
 2138
 2063
 1566
 1110
 1764
 4691
 287
 2082
 1904
 1487
 706
 1128
 1195
 1132
 818
 1795
 866
 1515
 888
 385
 1374
 973
 1870
 537
 1093
 863
 751
 2340
 934
 4057
 3550
 175
 388
 3871
 237
 561
 476
 342
 920
 1178
 269
 622
 1269
 1010
 260
 1228
 839
 1072
 373
 486
 267
 508
 456
 459
 551
 370
 1028
 325
 890
 640
 659
 386
 673
 909
 1260
 1107
 745
 2427
 197
 669
 488
 879
 173
 562
 1166
 595
 558
 626
 920
 742
 740
 275
 316
 500
 571
 403
 1019
 249
 830
 775
 561
 1328
 740
 587
 321
 546
 698
 622
 435
 548
 865
 624
 339
 550
 810
 684
 626
 864
 500
 453
 925
 864
 483
 1533
 287
 200
 3796
 90
 87
 270
 596
 536
 555
 553
 427
 378
 360
 770
 619
 450
 666
 425
 513
 553
 610
 538
 559
 751
 389
 615
 1458
 404
 321
 3090
 145
 352
 1160
 531
 523
 607
 553
 546
 613
 855
 455
 595
 509
 573
 554
 614
 809
 1036
 352
 407
 788
 509
 666
 484
 702
 489
 655
 429
 447
 945
 265
 520
 508
 452
 460
 480
 661
 1313
 341
 455
 520
 480
 464
 456
 479
 1148
 593
 489
 469
 1071
 448
 390
 86
 400
 403
 434
 638
 818
 682
 455
 464
 841
 415
 410
 466
 422
 417
 880
 699
 749
 536
 562
 281
 835
 1921
 488
 3838
 204
 1754
 3463
 852
 598
 1659
 820
 536
 681
 601
 457
 640
 1372
 788
 1089
 887
 917
 692
 905
 1503
 618
 858
 885
 1193
 1078
 1159
 1274
 784
 1084
 1244
 2031
 865
 4406
 140
 1318
 806
 974
 2137
 653
 867
 1046
 938
 1618
 1244
 4059
 185
 1049
 1457
 1026
 1356
 959
 1660
 706
 2659
 2248
 1089
 664
 1130
 1018
 1517
 875
 605
 910
 1061
 1444
 2299
 1599
 1470
 352
 1327
 931
 1182
 907
 700
 1029
 1205
 4756
 267
 4099
 141
 1703
 935
 765
 1171
 970
 630
 550
 2165
 1345
 1626
 1065
 2442
 4126
 114
 697
 2161
 600
 760
 1377
 1492
 894
 690
 2163
 2260
 1922
 4255
 136
 732
 1459
 1162
 1052
 747
 399
 309
 1361
 685
 708
 1324
 1220
 4192
 479
 278
 353
 829
 497
 665
 427
 622
 1811
 565
 790
 579
 571
 1178
 1393
 1212
 4072
 1124
 3207
 325
 279
 2360
 858
 473
 985
 2097
 243
 675
 816
 282
 597
 1457
 648
 698
 900
 908
 1443
 658
 1051
 535
 723
 356
 244
 609
 188
 576
 1325
 672
 427
 557
 937
 1228
 1279
 4684
 238
 228
 1398
 567
 680
 1366
 430
 413
 528
 455
 323
 515
 408
 762
 212
 487
 519
 523
 531
 442
 1495
 571
 779
 534
 988
 769
 446
 1189
 418
 878
 906
 911
 369
 489
 733
 489
 436
 598
 509
 327
 562
 515
 438
 518
 901
 749
 3400
 189
 316
 1934
 461
 1616
 327
 486
 1464
 629
 196
 640
 804
 117
 621
 570
 341
 476
 594
 612
 552
 387
 944
 606
 1424
 866
 386
 4199
 288
 100
 1194
 656
 343
 1553
 753
 573
 669
 571
 797
 371
 545
 1072
 693
 390
 1413
 1378
 1157
 1111
 957
 1224
 578
 790
 810
 920
 505
 1572
 311
 1005
 1096
 1753
 4283
 132
 1054
 1773
 481
 755
 1403
 302
 1124
 733
 504
 677
 2244
 1668
 786
 994
 1504
 895
 1764
 661
 1319
 1145
 992
 769
 1460
 974
 1173
 1106
 849
 624
 932
 2056
 384
 2518
 610
 1251
 1733
 2046
 1490
 3603
 226
 1260
 177
 708
 3413
 203
 825
 608
 194
 793
 1202
 1091
 251
 1922
 1188
 751
 1813
 510
 1566
 253
 1677
 3251
 210
 1199
 906
 2306
 189
 206
 504
 977
 849
 1384
 592
 726
 3450
 166
 457
 1421
 3547
 245
 379
 402
 203
 506
 3906
 237
 847
 487
 281
 265
 3485
 2773
 150
 2120
 1904
 1286
 816
 672
 890
 1059
 983
 1487
 692
 595
 3955
 162
 918
 681
 261
 3095
 124
 554
 874
 408
 834
 1781
 851
 2200
 586
 128
 612
 2802
 149
 712
 1478
 902
 741
 341
 408
 565
 281
 776
 1659
 2970
 108
 812
 867
 304
 3452
 182
 1088
 760
 766
 1037
 2670
 1483
 844
 163
 441
 253
 120
 1653
 330
 169
 323
 280
 1774
 172
 1030
 752
 1871
 170
 688
 414
 240
 723
 221
 810
 89
 326
 461
 241
 1583
 1119
 142
 239
 787
 881
 884
 866
 877
 1071
 251
 467
 2919
 183
 425
 595
 537
 3245
 143
 394
 237
 668
 1088
 399
 437
 1026
 2781
 162
 1177
 1250
 973
 593
 1189
 1181
 3653
 243
 570
 844
 170
 567
 3393
 530
 842
 3690
 204
 1170
 700
 881
 3664
 231
 1321
 759
 415
 679
 830
 239
 3195
 3422
 222
 1451
 291
 1291
 3310
 2350
 945
 1424
 1262
 1270
 992
 1223
 2962
 1063
 1803
 2460
 193
 1481
 3565
 218
 921
 3321
 252
 971
 872
 783
 2211
 427
 964
 2178
 1490
 2479
 1287
 480
 1209
 918
 3619
 202
 482
 1037
 1674
 439
 2786
 2130
 903
 1279
 2003
 599
 3806
 2845
 162
 3931
 173
 849
 1079
 490
 3471
 216
 403
 632
 473
 1246
 2967
 285
 2241
 3443
 198
 1505
 1372
 823
 793
 1208
 214
 4455
 165
 289
 148
 688
 2687
 166
 300
 543
 365
 143
